 0.197715 -0.282289 -0.938734    -136.7
 0.952766 -0.169874  0.251754    -261.6
-0.230534 -0.944169  0.235369     519.1
        0         0         0         1

 0.612579 -0.398405 -0.682657    -318.2
 0.776448    0.1417  0.614044    -121.8
-0.147905 -0.906198  0.396144     521.1
        0         0         0         1

-0.0469872  -0.900894  -0.431488     -373.1
  0.394308  -0.413614   0.820637     -271.9
 -0.917776   -0.13158   0.374665        521
         0          0          0          1

-0.232166 -0.574537 -0.784861    -189.2
 0.319798 -0.807137  0.496245    -422.7
-0.918601 -0.135786  0.371125       519
        0         0         0         1

0.0244588 -0.577532 -0.816002      -264
  0.65557  -0.60697  0.449238    -435.3
-0.754738 -0.545934  0.363767     357.8
        0         0         0         1

     0.4925   -0.563424   -0.663323      -458.4
   0.799107 -0.00918574    0.601118      -229.4
  -0.344777   -0.826117    0.445712       321.8
          0           0           0           1

 0.679898  0.229229 -0.696558    -363.6
 0.654817  0.237784  0.717407     -92.3
 0.330081 -0.943882 0.0115658     352.1
        0         0         0         1

 0.0727073  0.0536472  -0.995909       -211
  0.924934   0.369931  0.0874529     -303.6
  0.373109  -0.927509 -0.0227235      348.9
         0          0          0          1

 0.167516 -0.165846  -0.97182      -211
 0.982014  0.115159  0.149621    -282.7
0.0870997 -0.979405  0.182154     132.6
        0         0         0         1

 0.549408 -0.547214 -0.631434      -345
 0.766742 0.0298611   0.64126      -158
-0.332051  -0.83646  0.435978     181.2
        0         0         0         1

 0.283445 -0.862206 -0.419833    -502.3
 0.840967 0.0130696  0.540928    -207.2
-0.460904 -0.506389  0.728792     250.2
        0         0         0         1

 0.113608 -0.568548 -0.814767    -296.7
 0.682881 -0.550973   0.47969      -437
-0.721641 -0.610886  0.325656     213.6
        0         0         0         1

