-0.164489 -0.178278  0.970134    0.2974
 0.803773  -0.59432 0.0270655   -0.2779
 0.571745   0.78422  0.241054      0.34
        0         0         0         1

-0.303817 -0.316135  0.898751    0.3999
 0.597799 -0.797789  -0.07854   -0.1431
 0.741843  0.513411  0.431367    0.3415
        0         0         0         1

-0.159371 -0.347358   0.92409    0.4282
 0.386961 -0.883129 -0.265224    -0.048
 0.908219  0.315318   0.27516    0.3667
        0         0         0         1

 -0.18964 -0.354929  0.915457    0.5019
 0.397121 -0.880437 -0.259086   -0.0779
  0.89796  0.314415  0.307916    0.2571
        0         0         0         1

-0.207049 -0.308248  0.928501    0.4723
 0.514486 -0.841542 -0.164653   -0.2002
 0.832127   0.44361   0.33283    0.2638
        0         0         0         1

  -0.16637  -0.257888   0.951743     0.3985
  0.640971  -0.761743 -0.0943598    -0.3196
  0.749318   0.594341    0.29203     0.2679
         0          0          0          1

 -0.259461  -0.345865   0.901697      0.429
  0.785414  -0.618866 -0.0113783    -0.3678
  0.561965   0.705254   0.432219     0.1959
         0          0          0          1

-0.232041 -0.323506  0.917334    0.4967
  0.56614 -0.811796 -0.143082   -0.2605
 0.790975  0.486139   0.37152    0.1761
        0         0         0         1

-0.338202 -0.294352  0.893855    0.5583
  0.44626 -0.886403  -0.12305    -0.086
 0.828536  0.357276  0.431141    0.1824
        0         0         0         1

