  0.201973  -0.976376 -0.0767859  -0.561621
 -0.928992  -0.166163  -0.330703   0.255597
  0.310132   0.138126  -0.940606  -0.277468
         0          0          0          1

 -0.135085  -0.986336 -0.0943009  -0.282537
 -0.878694   0.163233  -0.448612   0.313402
  0.457875  0.0222608  -0.888738  -0.443416
         0          0          0          1

 -0.378422  -0.924764  0.0401077 -0.0336038
 -0.881795   0.346985  -0.319435   0.383646
  0.281486  -0.156248  -0.946759  -0.431525
         0          0          0          1

 -0.375451  -0.926531  0.0240255 -0.0900079
 -0.872736   0.344688  -0.345719    0.25728
  0.312038  -0.150769   -0.93803  -0.489663
         0          0          0          1

 -0.234959  -0.971529 -0.0304257  -0.280964
 -0.905298   0.230123  -0.357042   0.278045
  0.353878 -0.0563457  -0.933593  -0.493961
         0          0          0          1

-0.0631089  -0.997313 -0.0371909  -0.482026
 -0.940474  0.0718993  -0.332174   0.272865
  0.333956  0.0140139  -0.942484  -0.426711
         0          0          0          1

  0.121306  -0.992116 -0.0314843   -0.57658
 -0.861217 -0.0894236  -0.500309  0.0369886
  0.493549  0.0878052  -0.865274  -0.426405
         0          0          0          1

  -0.18184   -0.98262 -0.0373249  -0.377171
 -0.899067   0.181512  -0.398413   0.163784
  0.398263 -0.0388898  -0.916446  -0.504872
         0          0          0          1

-0.309646  -0.94232 -0.127089 -0.189954
-0.845346  0.334011 -0.416925  0.135907
 0.435326 -0.021665 -0.900012 -0.511801
        0         0         0         1

