 0.561846  -0.78428  0.263121   266.402
  0.81065    0.4586 -0.364051   482.698
  0.16485   0.41784   0.89344  -16.6222
        0         0         0         1

  0.347829  -0.934665 -0.0736009     136.78
  0.935271    0.35139 -0.0423579    467.557
 0.0654531 -0.0541034   0.996388   -323.053
         0          0          0          1

 0.988193  -0.12316 0.0911426   487.334
0.0846171  0.934604  0.345478  -139.572
-0.127731 -0.333687   0.93399  -338.188
        0         0         0         1

  0.985207   0.103293   0.136739    557.133
-0.0852659   0.987615  -0.131705   -168.211
  -0.14865   0.118098   0.981813   -195.538
         0          0          0          1

  0.929431  -0.339078   0.145548    436.647
  0.360615   0.918265  -0.163543   -18.8582
-0.0781982   0.204489    0.97574   -163.889
         0          0          0          1

   0.544165   -0.838959 -0.00570765     248.849
   0.838418     0.54354   0.0402325     148.102
 -0.0306511  -0.0266785    0.999174    -349.699
          0           0           0           1

 -0.121321  -0.986402  -0.110867   -54.2248
   0.87166 -0.0524382  -0.487298    381.137
  0.474858  -0.155758   0.866169   -178.308
         0          0          0          1

0.0566624 -0.848095  0.526805    34.048
  0.88758 -0.198817 -0.415539   352.313
 0.457155  0.491127  0.741487   53.6091
        0         0         0         1

 0.303315 -0.866289  0.396918   86.7177
 0.916814  0.151779 -0.369343   138.685
 0.259714  0.475927  0.840263  -22.3926
        0         0         0         1

  0.516653  -0.853842 -0.0634303    93.8257
  0.856068   0.513881  0.0554429    117.257
-0.0147439 -0.0829454   0.996445   -243.881
         0          0          0          1

 0.637311 -0.742187  0.207346   150.957
 0.647497  0.661639  0.378129  -78.4447
-0.417831  -0.10673  0.902234  -402.013
        0         0         0         1

  0.902646  -0.420431  0.0920216    323.868
  0.430076   0.889235  -0.155869   -72.8989
-0.0162965   0.180271   0.983482   -115.254
         0          0          0          1

